0 1087 754 1289 -1
1 1088 755 1288 -1
2 1089 756 1287 -1
3 1090 757 1286 -1
4 1091 758 1285 -1
5 1092 759 1284 -1
6 1093 760 1283 -1
7 1094 761 1282 -1
8 1095 762 1281 -1
9 1096 763 1280 -1
10 1097 1440 664 -1
11 1098 1448 607 -1
12 1099 1447 621 -1
13 1100 764 -1 -1
14 1101 765 -1 -1
15 1102 766 -1 -1
16 1103 767 -1 -1
17 1104 768 -1 -1
18 1105 769 -1 -1
19 1106 770 -1 -1
20 1107 771 -1 -1
21 1108 772 -1 -1
22 1109 773 -1 -1
23 1110 774 -1 -1
24 1111 775 -1 -1
25 1112 776 -1 -1
26 1113 777 -1 -1
27 1114 778 -1 -1
28 1115 779 -1 -1
29 1116 780 -1 -1
30 1117 781 -1 -1
31 1118 782 -1 -1
32 1119 783 -1 -1
33 1120 784 -1 -1
34 1121 785 -1 -1
35 1122 799 -1 -1
36 1123 798 -1 -1
37 1124 797 -1 -1
38 1125 796 -1 -1
39 1126 795 -1 -1
40 1127 794 -1 -1
41 1128 793 -1 -1
42 1129 792 -1 -1
43 1130 791 -1 -1
44 1131 790 1619 -1
45 1132 789 1618 -1
46 1133 788 1617 -1
47 1134 804 1616 -1
48 1135 801 1615 -1
49 1136 802 1614 -1
50 1137 803 1613 -1
51 1138 805 1612 -1
52 1139 806 1611 -1
53 1140 807 1610 -1
54 1141 808 1609 -1
55 1142 809 1608 -1
56 1143 810 1607 -1
57 1144 811 1606 -1
58 1145 812 1605 -1
59 1146 813 1604 -1
60 1147 814 1603 -1
61 1148 815 1602 -1
62 1149 816 1601 -1
63 1150 817 1600 -1
64 1151 818 1599 -1
65 1152 819 1598 -1
66 1153 820 1597 -1
67 1154 821 1596 -1
68 1155 822 1595 -1
69 1156 823 1594 -1
70 1157 824 1593 -1
71 1158 825 1592 -1
72 1159 826 1591 -1
73 1160 827 1590 -1
74 960 1446 1589 -1
75 961 1445 1588 -1
76 962 1444 1587 -1
77 963 1443 1586 -1
78 964 1442 1585 -1
79 965 1441 1584 -1
80 966 1439 1583 -1
81 967 1438 1582 -1
82 968 1437 1581 -1
83 969 1436 1580 -1
84 970 1435 1579 -1
85 971 1434 1578 -1
86 972 1433 1577 -1
87 973 1432 1576 -1
88 974 1431 1299 -1
89 975 1430 1298 -1
90 976 1429 1297 -1
91 978 1428 1296 -1
92 980 1427 1295 -1
93 981 1426 1294 -1
94 982 1425 1293 -1
95 983 1424 1292 -1
96 984 1423 1291 -1
97 985 1422 1290 -1
98 986 1399 1575 -1
99 987 1398 1574 -1
100 1161 840 1519 -1
101 1162 841 1518 -1
102 1169 842 1517 -1
103 1170 843 1516 -1
104 1171 844 1515 -1
105 1172 845 1514 -1
106 1173 846 1513 -1
107 1174 847 1512 -1
108 1175 848 1511 -1
109 1176 849 1510 -1
110 1177 850 1509 -1
111 1178 851 1508 -1
112 1179 852 1507 -1
113 1180 853 1506 -1
114 1181 854 1505 -1
115 1182 855 1504 -1
116 1183 856 1503 -1
117 1184 857 1502 -1
118 1185 858 1501 -1
119 1186 859 1500 -1
120 1187 860 1499 -1
121 1188 861 1498 -1
122 1189 862 1497 -1
123 1190 863 1496 -1
124 1191 864 1495 -1
125 1192 865 1494 -1
126 1193 866 1493 -1
127 1194 867 1492 -1
128 1195 868 1491 -1
129 1196 869 1490 -1
130 1197 870 1489 -1
131 1198 871 1488 -1
132 1199 872 1487 -1
133 1200 873 1573 -1
134 1201 874 1572 -1
135 1202 875 1571 -1
136 1203 876 1570 -1
137 1204 877 1569 -1
138 1205 878 1568 -1
139 1206 879 1567 -1
140 1207 880 1566 -1
141 1208 881 1565 -1
142 1209 882 1564 -1
143 1210 883 1563 -1
144 1211 884 1562 -1
145 1212 885 1561 -1
146 1213 886 1560 -1
147 1214 887 1559 -1
148 1215 888 1558 -1
149 1216 889 1557 -1
150 1217 890 1556 -1
151 1218 891 1555 -1
152 1219 892 1554 -1
153 1220 893 1553 -1
154 1221 894 1552 -1
155 1222 895 1551 -1
156 1223 896 1550 -1
157 1224 897 339 -1
158 1225 898 337 -1
159 800 1164 1486 -1
160 1165 899 1485 -1
161 901 1397 338 -1
162 902 1396 336 -1
163 903 1395 429 -1
164 904 1394 428 -1
165 905 1392 427 -1
166 906 1391 426 -1
167 907 1390 425 -1
168 908 1389 424 -1
169 909 1388 423 -1
170 910 1387 422 -1
171 911 1386 421 -1
172 912 1385 420 -1
173 913 1251 419 -1
174 914 1252 418 -1
175 915 1253 417 -1
176 916 1254 416 -1
177 917 1255 415 -1
178 918 1256 414 -1
179 919 1257 413 -1
180 988 1258 1484 -1
181 989 1259 1483 -1
182 990 1260 1482 -1
183 991 1261 1481 -1
184 992 1262 1480 -1
185 993 1263 1479 -1
186 994 1264 1478 -1
187 995 1265 1477 -1
188 996 1266 1476 -1
189 997 1267 1475 -1
190 998 1268 1474 -1
191 999 1269 1473 -1
192 1000 1302 504 -1
193 1001 1301 503 -1
194 1002 1300 502 -1
195 1003 1449 501 -1
196 1004 1393 500 -1
197 979 1270 1472 -1
198 977 1271 1471 -1
199 900 1272 1470 -1
200 1027 1384 412 -1
201 1028 1383 411 -1
202 1029 1382 410 -1
203 1030 1381 409 -1
204 1031 1380 408 -1
205 1032 1379 407 -1
206 1033 1378 786 -1
207 1034 1377 787 -1
208 1035 1376 752 -1
209 1036 1375 750 -1
210 1037 1374 751 -1
211 1038 1373 700 -1
212 1039 1372 701 -1
213 1040 1371 702 -1
214 1041 1370 703 -1
215 1042 1369 704 -1
216 1043 1368 705 -1
217 1044 1367 706 -1
218 1045 1366 707 -1
219 1046 1365 708 -1
220 1047 1364 709 -1
221 1048 1363 710 -1
222 1049 1362 711 -1
223 1050 1361 712 -1
224 1051 1360 713 -1
225 1052 1359 714 -1
226 1053 1358 715 -1
227 1054 1357 716 -1
228 1055 1356 717 -1
229 1056 1355 718 -1
230 1057 1354 719 -1
231 1058 1353 720 -1
232 1059 1352 721 -1
233 1060 1351 722 -1
234 1061 1350 723 -1
235 1062 1349 724 -1
236 1063 1348 725 -1
237 1064 1347 726 -1
238 1065 1346 727 -1
239 1066 1345 728 -1
240 1067 1344 729 -1
241 1068 1343 730 -1
242 1069 1342 731 -1
243 1070 1341 732 -1
244 1071 1340 733 -1
245 1072 1339 734 -1
246 1073 1338 735 -1
247 1074 1337 736 -1
248 1075 1336 737 -1
249 1076 1335 738 -1
250 1077 1334 739 -1
251 1078 1333 740 -1
252 1079 1332 741 -1
253 1080 1331 742 -1
254 1081 1330 743 -1
255 1082 1329 744 -1
256 1083 1328 745 -1
257 1084 1327 746 -1
258 1085 1326 747 -1
259 1086 1325 748 -1
260 920 1274 1469 -1
261 921 1275 1468 -1
262 922 1276 1467 -1
263 923 1277 1466 -1
264 924 1278 1549 -1
265 925 1279 1535 -1
266 926 1250 1463 -1
267 927 1273 1462 -1
268 928 1226 1461 -1
269 929 1227 1460 -1
270 930 1228 1459 -1
271 931 1229 1458 -1
272 932 1230 1457 -1
273 933 1231 1456 -1
274 934 1232 1455 -1
275 935 1233 1454 -1
276 936 1234 1453 -1
277 937 1235 1452 -1
278 938 1236 1451 -1
279 939 1237 1450 -1
280 940 1400 406 -1
281 941 1401 405 -1
282 942 1402 404 -1
283 943 1403 403 -1
284 944 1404 402 -1
285 945 1405 401 -1
286 946 1406 400 -1
287 947 1407 519 -1
288 948 1408 518 -1
289 949 1409 517 -1
290 950 1410 516 -1
291 951 1411 515 -1
292 952 1412 514 -1
293 953 1413 513 -1
294 954 1414 512 -1
295 955 1415 511 -1
296 956 1416 510 -1
297 957 1417 509 -1
298 958 1418 1163 -1
299 959 1419 1166 -1
300 1238 828 508 -1
301 1239 829 507 -1
302 1240 830 506 -1
303 1241 831 505 -1
304 1242 832 1542 -1
305 1243 833 1548 -1
306 1244 834 1547 -1
307 1245 835 1546 -1
308 1246 836 1545 -1
309 1247 837 1544 -1
310 1248 838 1465 -1
311 1249 839 1464 -1
312 1168 1421 749 -1
313 1167 1420 753 -1
314 1005 1324 1543 -1
315 1006 1323 1541 -1
316 1007 1322 1540 -1
317 1008 1321 1539 -1
318 1009 1320 1538 -1
319 1010 1319 1537 -1
320 1011 1318 1536 -1
321 1012 1317 1534 -1
322 1013 1316 1533 -1
323 1014 1315 1532 -1
324 1015 1314 1531 -1
325 1016 1313 1530 -1
326 1017 1312 1529 -1
327 1018 1311 1528 -1
328 1019 1310 1527 -1
329 1020 1309 1526 -1
330 1021 1308 1525 -1
331 1022 1307 1524 -1
332 1023 1306 1523 -1
333 1024 1305 1522 -1
334 1025 1304 1521 -1
335 1026 1303 1520 -1
