1004 1233 633 161 -1
993 1234 416 162 -1
991 1235 417 163 -1
900 1236 418 164 -1
901 1237 419 165 -1
902 1238 420 166 -1
903 1239 421 167 -1
904 1176 422 168 -1
905 1241 423 169 -1
906 1242 424 170 -1
907 1243 425 171 -1
908 1244 426 172 -1
909 1245 427 173 -1
910 1246 428 174 -1
911 1247 310 175 -1
912 1248 323 176 -1
913 1249 1419 177 -1
914 1240 1418 178 -1
915 1278 1417 179 -1
916 1277 1416 150 -1
917 1276 1415 151 -1
918 1275 1414 100 -1
919 1274 1413 0 -1
920 1273 1412 1 -1
921 1272 1411 99 -1
922 1271 1410 98 -1
923 1270 1409 97 -1
924 1269 1408 96 -1
925 1268 1407 95 -1
926 1267 1406 94 -1
927 1266 1405 93 -1
928 1265 1404 92 -1
929 1264 1403 91 -1
930 1263 1402 90 -1
931 1262 1401 89 -1
932 1261 1400 88 -1
933 1260 300 1499 -1
934 1259 301 87 -1
935 1258 302 86 -1
936 1257 303 85 -1
937 1256 304 84 -1
938 1255 305 83 -1
939 1254 306 82 -1
940 1253 307 81 -1
941 1252 308 80 -1
942 1251 309 79 -1
943 1250 311 78 -1
944 1279 312 77 -1
945 1281 313 76 -1
946 1282 314 75 -1
947 1283 315 74 -1
948 1284 316 73 -1
949 1285 317 72 -1
950 1286 318 71 -1
951 1287 319 70 -1
952 1288 320 69 -1
953 1289 321 68 -1
954 1290 339 67 -1
955 1291 338 66 -1
956 1292 337 65 -1
957 1293 336 64 -1
958 1294 335 63 -1
959 1295 334 62 -1
960 1296 333 61 -1
961 1297 332 60 -1
962 1298 331 59 -1
963 1280 330 58 -1
964 1299 329 57 -1
965 500 328 56 -1
966 501 327 55 -1
967 502 326 54 -1
968 503 325 53 -1
969 504 324 52 -1
970 505 322 51 -1
971 506 1363 50 -1
972 507 1324 49 -1
973 508 1399 48 -1
974 509 1398 47 -1
975 510 1397 46 -1
976 511 1396 45 -1
977 512 1395 44 -1
978 513 1394 43 -1
979 514 1393 42 -1
980 515 1392 41 -1
981 516 1391 40 -1
982 517 1390 39 -1
983 518 1389 38 -1
984 519 1388 37 -1
985 429 1387 36 -1
986 400 1386 35 -1
987 401 1385 34 -1
988 402 1384 33 -1
989 403 1383 32 -1
990 404 1382 31 -1
992 405 1381 30 -1
994 406 1380 29 -1
995 407 1379 28 -1
996 408 1378 27 -1
997 409 1377 26 -1
998 410 1376 25 -1
999 411 1375 24 -1
1000 801 1374 23 -1
1001 802 1373 22 -1
1002 803 1372 21 -1
1003 804 1371 20 -1
811 412 1370 19 -1
833 413 1369 18 -1
1175 805 1368 17 -1
1174 806 1367 16 -1
1173 807 1365 15 -1
1172 808 1366 14 -1
1171 810 1364 13 -1
1170 812 1300 12 -1
1169 813 1301 11 -1
1168 814 1302 10 -1
1167 815 1303 9 -1
1166 816 1304 8 -1
1165 817 1305 7 -1
1164 818 1306 6 -1
1163 819 1307 5 -1
1162 820 1308 4 -1
1161 821 1309 3 -1
1160 822 1310 1464 -1
1159 823 1311 1465 -1
1158 824 1312 1466 -1
1157 825 1361 1467 -1
1156 826 1362 1468 -1
1155 827 1313 1469 -1
1154 828 1314 1470 -1
1153 829 1315 1471 -1
1152 830 1316 1472 -1
1151 831 1317 1473 -1
1150 832 1318 1474 -1
1149 899 1319 1475 -1
1148 898 1320 1476 -1
1147 897 1321 1477 -1
1146 896 1322 1478 -1
1145 895 1360 1479 -1
1144 894 1359 1480 -1
1143 893 1358 1481 -1
1142 892 1357 1482 -1
1141 891 1356 1483 -1
1140 890 1355 1484 -1
1139 889 1354 1485 -1
1138 888 1353 1486 -1
1137 887 1352 1487 -1
1136 886 1351 1488 -1
1135 885 1350 1489 -1
1134 884 1349 1490 -1
1133 883 1348 1491 -1
1132 882 1347 2 -1
1131 881 1346 1493 -1
1130 880 1345 1494 -1
1129 879 1344 1495 -1
1128 878 1343 1496 -1
1127 877 1342 1497 -1
1126 876 1341 1498 -1
1125 875 1340 1492 -1
1124 874 1339 1500 -1
1123 873 1338 1501 -1
1122 872 1323 1502 -1
1121 871 1336 1503 -1
1120 870 1335 1504 -1
1119 869 1334 1505 -1
1118 868 1333 1506 -1
1117 867 1332 1507 -1
1116 866 1331 1508 -1
1115 865 1330 1509 -1
1114 864 1329 1510 -1
1113 863 1328 1511 -1
1112 862 1327 1512 -1
1111 861 1326 1513 -1
1110 860 1325 1514 -1
1109 859 1337 1515 -1
1108 858 249 1516 -1
1107 857 1428 1517 -1
1106 856 201 1518 -1
1105 855 202 1519 -1
1104 854 203 1520 -1
1103 853 204 1521 -1
1102 852 205 1522 -1
1101 851 206 1523 -1
1100 850 207 1524 -1
1099 849 208 1525 -1
1098 848 209 1526 -1
1097 847 210 1527 -1
1096 846 211 1528 -1
1095 845 212 1529 -1
1094 844 213 1530 -1
1093 843 214 1531 -1
1092 842 215 1532 -1
1091 841 216 1533 -1
1090 840 217 1534 -1
1089 839 218 1535 -1
1088 838 219 1536 -1
1087 837 220 1537 -1
1086 836 221 1538 -1
1085 835 222 1539 -1
1084 834 223 1540 -1
1083 765 224 1541 -1
1082 700 225 1542 -1
1081 799 226 1543 -1
1080 798 227 1544 -1
1079 797 228 1545 -1
1078 796 229 1546 -1
1077 795 230 1547 -1
1076 794 231 1548 -1
1075 793 232 1549 -1
1074 792 233 1560 -1
1073 791 234 1619 -1
1072 790 235 1552 -1
1071 789 236 1553 -1
1070 788 237 1554 -1
1069 787 238 1555 -1
1068 786 239 1556 -1
1067 785 240 1557 -1
1066 784 241 1558 -1
1065 783 242 1559 -1
1064 782 243 1550 -1
1063 781 244 1561 -1
1062 780 245 1562 -1
1061 779 246 1563 -1
1060 778 1449 1564 -1
1059 777 1448 1565 -1
1058 776 1447 1566 -1
1057 775 1446 1567 -1
1056 774 1445 1568 -1
1055 773 1444 1569 -1
1054 772 1443 1570 -1
1053 771 1442 1571 -1
1052 770 1441 1572 -1
1051 769 1440 1573 -1
1050 768 1439 1574 -1
1049 767 1438 1575 -1
1048 766 1437 1576 -1
1047 764 1436 1577 -1
1046 763 1435 1578 -1
1045 762 247 1579 -1
1044 761 248 1580 -1
1043 760 200 1581 -1
1042 759 250 1582 -1
1041 758 251 1583 -1
1040 757 252 1584 -1
1039 756 253 1585 -1
1038 755 254 1586 -1
1037 754 255 1587 -1
1036 753 256 1588 -1
1035 752 257 1589 -1
1034 751 258 1590 -1
1033 750 259 1591 -1
1032 749 1420 1592 -1
1031 748 1421 1593 -1
1030 747 1422 1594 -1
1029 746 1423 1595 -1
1028 745 1424 1596 -1
1027 744 1425 1597 -1
1026 743 1426 1598 -1
1025 742 1427 1599 -1
1024 741 1433 1600 -1
1023 740 1432 1601 -1
1022 739 1431 1602 -1
1021 738 1430 1603 -1
1020 737 1429 1604 -1
1019 736 1434 1605 -1
1018 735 120 1606 -1
1017 734 149 1607 -1
1016 733 101 1608 -1
1015 732 102 1609 -1
1014 731 103 1610 -1
1013 730 104 1611 -1
1012 729 105 1612 -1
1011 728 106 1613 -1
1010 727 107 1614 -1
1009 726 108 1615 -1
1008 725 109 1616 -1
1007 724 110 1617 -1
1006 723 111 1618 -1
1005 722 112 1551 -1
1177 721 113 -1 -1
1178 720 114 -1 -1
1179 719 1450 -1 -1
1180 718 1451 -1 -1
1181 717 1452 -1 -1
1182 716 1453 -1 -1
1183 715 1454 -1 -1
1184 714 1455 -1 -1
1185 713 1456 -1 -1
1186 712 1457 -1 -1
1187 711 1458 -1 -1
809 414 1459 -1 -1
1188 710 1460 -1 -1
800 415 1461 -1 -1
1189 709 1462 -1 -1
1190 708 1463 -1 -1
1191 707 115 -1 -1
1192 706 116 -1 -1
1193 705 117 -1 -1
1194 704 118 -1 -1
1195 703 119 -1 -1
1196 702 121 -1 -1
1197 701 122 -1 -1
1198 683 123 -1 -1
1199 699 124 -1 -1
1200 600 125 -1 -1
1201 601 126 -1 -1
1202 602 127 -1 -1
1203 603 128 -1 -1
1204 604 129 -1 -1
1205 605 130 -1 -1
1206 606 131 -1 -1
1207 607 132 -1 -1
1208 608 133 -1 -1
1209 609 134 -1 -1
1210 610 135 -1 -1
1211 611 136 -1 -1
1212 612 137 -1 -1
1213 613 138 -1 -1
1214 614 139 -1 -1
1215 615 140 -1 -1
1216 616 141 -1 -1
1217 617 142 -1 -1
1218 618 143 -1 -1
1219 619 144 -1 -1
1220 620 145 -1 -1
1221 621 146 -1 -1
1222 622 147 -1 -1
1223 623 148 -1 -1
1224 624 152 -1 -1
1225 625 153 -1 -1
1226 626 154 -1 -1
1227 627 155 -1 -1
1228 628 156 -1 -1
1229 629 157 -1 -1
1230 630 158 -1 -1
1231 631 159 -1 -1
1232 632 160 -1 -1
