1004 999 1249 519 429
1003 998 1248 518 428
1002 997 1247 517 427
1001 996 1246 516 426
1000 995 1245 515 425
994 1244 514 424 1419
993 1243 513 423 1418
992 1242 512 422 1417
991 1241 511 421 1416
990 1240 510 420 1415
989 1239 509 419 1414
988 1238 508 418 1413
987 1237 507 417 1412
986 1236 506 416 1411
985 1235 505 415 1410
984 1234 504 414 1409
983 1233 503 413 1408
982 1232 502 412 1407
981 1231 501 411 1406
980 1230 500 410 1405
979 1229 409 1404 339
978 1228 408 1403 338
977 1227 407 1402 337
976 1226 406 1401 336
975 1225 405 1400 335
974 1224 404 334 1449
973 1223 403 333 1448
972 1222 402 332 1447
971 1221 401 331 1446
970 1220 400 330 1445
969 1219 329 1444 259
968 1218 328 1443 258
967 1217 327 1442 257
966 1216 326 1441 256
965 1215 325 1440 255
964 1214 324 1439 254
963 1213 323 1438 253
962 1212 322 1437 252
961 1211 321 1436 251
960 1210 320 1435 250
959 1209 319 1434 249
958 1208 318 1433 248
957 1207 317 1432 247
956 1206 316 1431 246
955 1205 315 1430 245
954 1204 314 1429 244
953 1203 313 1428 243
952 1202 312 1427 242
951 1201 311 1426 241
950 1200 310 1425 240
949 1199 1279 309 1424
948 1198 1278 308 1423
947 1197 1277 307 1422
946 1196 1276 306 1421
945 1195 1275 305 1420
944 1194 1274 304 1399
943 1193 1273 303 1398
942 1192 1272 302 1397
941 1191 1271 301 1396
940 1190 1270 300 1395
939 1189 1269 1394 239
938 1188 1268 1393 238
937 1187 1267 1392 237
936 1186 1266 1391 236
935 1185 1265 1390 235
934 1184 1264 1389 234
933 1183 1263 1388 233
932 1182 1262 1387 232
931 1181 1261 1386 231
930 1180 1260 1385 230
929 1179 1259 1384 229
928 1178 1258 1383 228
927 1177 1257 1382 227
926 1176 1256 1381 226
925 1175 1255 1380 225
924 1174 1254 1379 224
923 1173 1253 1378 223
922 1172 1252 1377 222
921 1171 1251 1376 221
920 1170 1250 1375 220
919 1169 1299 1374 219
918 1168 1298 1373 218
917 1167 1297 1372 217
916 1166 1296 1371 216
915 1165 1295 1370 215
914 1164 1294 1369 214
913 1163 1293 1368 213
912 1162 1292 1367 212
911 1161 1291 1366 211
910 1160 1290 1365 210
909 1159 1289 1364 209
908 1158 1288 1363 208
907 1157 1287 1362 207
906 1156 1286 1361 206
905 1155 1285 1360 205
904 1154 1284 1359 204
903 1153 1283 1358 203
902 1152 1282 1357 202
901 1151 1281 1356 201
900 1150 1280 1355 200
1149 1099 899 1354 1463
1148 1098 898 1353 1462
1147 1097 897 1352 1461
1146 1096 896 1351 1460
1145 1095 895 1350 1459
1144 1094 894 1349 1458
1143 1093 893 1348 1457
1142 1092 892 1347 1456
1141 1091 891 1346 1455
1140 1090 890 1345 1454
1139 1089 889 1344 1453
1138 1088 888 1343 1452
1137 1087 887 1342 1451
1136 1086 886 1341 1450
1135 1085 885 1340 179
1134 1084 884 1339 178
1133 1083 883 1338 177
1132 1082 882 1337 176
1131 1081 881 1336 175
1130 1080 880 1335 174
1129 1079 879 1334 173
1128 1078 878 1333 172
1127 1077 877 1332 171
1126 1076 876 1331 170
1125 1075 875 1330 169
1124 1074 874 1329 168
1123 1073 873 1328 167
1122 1072 872 1327 166
1121 1071 871 1326 165
1120 1070 870 1325 164
1119 1069 869 1324 163
1118 1068 868 1323 162
1117 1067 867 1322 161
1116 1066 866 1321 160
1115 1065 865 1320 159
1114 1064 864 1319 158
1113 1063 863 1318 157
1112 1062 862 1317 156
1111 1061 861 1316 155
1110 1060 860 1315 154
1109 1059 859 1314 153
1108 1058 858 1313 152
1107 1057 857 1312 151
1106 1056 856 1311 150
1105 1055 855 1310 149
1104 1054 854 1309 148
1103 1053 853 1308 147
1102 1052 852 1307 146
1101 1051 851 1306 145
1100 1050 850 1305 144
1049 849 1304 143 1499
1048 848 1303 142 1498
1047 847 1302 141 1497
1046 846 1301 140 1496
1045 845 1300 139 1495
1044 844 138 1494 99
1043 843 137 1493 98
1042 842 136 1492 97
1041 841 135 1491 96
1040 840 134 1490 95
1039 839 133 1489 94
1038 838 132 1488 93
1037 837 131 1487 92
1036 836 130 1486 91
1035 835 129 1485 90
1034 834 128 1484 89
1033 833 127 1483 88
1032 832 126 1482 87
1031 831 125 1481 86
1030 830 124 1480 85
1029 829 123 1479 84
1028 828 122 1478 83
1027 827 121 1477 82
1026 826 120 1476 81
1025 825 119 1475 80
1024 824 118 1474 79
1023 823 117 1473 78
1022 822 116 1472 77
1021 821 115 1471 76
1020 820 114 1470 75
1019 819 113 1469 74
1018 818 112 1468 73
1017 817 111 1467 72
1016 816 110 1466 71
1015 815 109 1465 70
1014 814 108 1464 69
1013 813 107 68 1549
1012 812 106 67 1548
1011 811 105 66 1547
1010 810 104 65 1546
1009 809 103 64 1545
1008 808 102 63 1544
1007 807 101 62 1543
1006 806 100 61 1542
1005 805 60 1541 663
804 59 1540 662 521
803 58 1539 661 520
802 57 1538 660 499
801 56 1537 659 498
800 55 1536 658 497
799 54 1535 657 496
798 53 1534 656 495
797 52 1533 655 494
796 51 1532 654 493
795 50 1531 653 492
794 49 1530 652 491
793 48 1529 651 490
792 47 1528 650 489
791 46 1527 649 488
790 45 1526 648 487
789 44 1525 647 486
788 43 1524 646 485
787 42 1523 645 484
786 41 1522 644 483
785 40 1521 643 482
784 39 1520 642 481
783 38 1519 641 480
782 37 1518 640 479
781 36 1517 639 478
780 35 1516 638 477
779 34 1515 637 476
778 33 1514 636 475
777 32 1513 635 474
776 31 1512 634 473
775 30 1511 633 472
774 29 1510 632 471
773 28 1509 631 470
772 27 1508 630 469
771 26 1507 629 468
770 25 1506 628 467
769 24 1505 627 466
768 23 1504 626 465
767 22 1503 625 464
766 21 1502 624 463
765 20 1501 623 462
764 19 1500 622 461
763 18 1619 621 460
762 17 1618 620 459
761 16 1617 619 458
760 15 1616 618 457
759 14 1615 617 456
758 13 1614 616 455
757 12 1613 615 454
756 11 1612 614 453
755 10 1611 613 452
754 9 1610 612 451
753 8 1609 611 450
752 7 1608 610 449
751 6 1607 609 448
750 5 1606 608 447
749 4 1605 607 446
748 3 1604 606 445
747 2 1603 605 444
746 1 1602 604 443
745 0 1601 603 442
744 1600 602 441 290
743 1599 601 440 289
742 1598 600 439 288
741 1597 599 438 287
740 1596 598 437 286
739 1595 597 436 285
738 1594 596 435 284
737 1593 595 434 283
736 1592 594 433 282
735 1591 593 432 281
734 1590 592 431 280
733 1589 591 430 279
732 1588 590 399 278
731 1587 589 398 277
730 1586 588 397 276
729 1585 587 396 275
728 1584 586 395 274
727 1583 585 394 273
726 1582 584 393 272
725 1581 583 392 271
724 1580 582 391 270
723 1579 581 390 269
722 1578 580 389 268
721 1577 579 388 267
720 1576 578 387 266
719 1575 577 386 265
718 1574 576 385 264
717 1573 575 384 263
716 1572 574 383 262
715 1571 573 382 261
714 1570 572 381 260
713 1569 571 380 199
712 1568 570 379 198
711 1567 569 378 197
710 1566 568 377 196
709 1565 567 376 195
708 1564 566 375 194
707 1563 565 374 193
706 1562 564 373 192
705 1561 563 372 191
704 1560 562 371 190
703 1559 561 370 189
702 1558 560 369 188
701 1557 559 368 187
700 1556 558 367 186
699 1555 557 366 185
698 1554 556 365 184
697 1553 555 364 183
696 1552 554 363 182
695 1551 553 362 181
694 1550 552 361 180
693 551 360 -1 -1
692 550 359 -1 -1
691 549 358 -1 -1
690 548 357 -1 -1
689 547 356 -1 -1
688 546 355 -1 -1
687 545 354 -1 -1
686 544 353 -1 -1
685 543 352 -1 -1
684 542 351 -1 -1
683 541 350 -1 -1
682 540 349 -1 -1
681 539 348 -1 -1
680 538 347 -1 -1
679 537 346 -1 -1
678 536 345 -1 -1
677 535 344 -1 -1
676 534 343 -1 -1
675 533 342 -1 -1
674 532 341 -1 -1
673 531 340 -1 -1
672 530 299 -1 -1
671 529 298 -1 -1
670 528 297 -1 -1
669 527 296 -1 -1
668 526 295 -1 -1
667 525 294 -1 -1
666 524 293 -1 -1
665 523 292 -1 -1
664 522 291 -1 -1
