999 1004 1249 519 429
998 1003 1248 518 428
997 1002 1247 517 427
996 1001 1246 516 426
995 1000 1245 515 425
994 1099 1244 514 424
993 1098 1243 513 423
992 1097 1242 512 422
991 1096 1241 511 421
990 1095 1240 510 420
989 1094 1239 509 419
988 1093 1238 508 418
987 1092 1237 507 417
986 1091 1236 506 416
985 1090 1235 505 415
984 1089 1234 504 414
983 1088 1233 503 413
982 1087 1232 502 412
981 1086 1231 501 411
980 1085 1230 500 410
979 1084 1229 409 1419
978 1083 1228 408 1418
977 1082 1227 407 1417
976 1081 1226 406 1416
975 1080 1225 405 1415
974 1079 1224 404 1414
973 1078 1223 403 1413
972 1077 1222 402 1412
971 1076 1221 401 1411
970 1075 1220 400 1410
969 1074 1219 1409 339
968 1073 1218 1408 338
967 1072 1217 1407 337
966 1071 1216 1406 336
965 1070 1215 1405 335
964 1069 1214 1404 334
963 1068 1213 1403 333
962 1067 1212 1402 332
961 1066 1211 1401 331
960 1065 1210 1400 330
959 1064 1209 329 1399
958 1063 1208 328 1398
957 1062 1207 327 1397
956 1061 1206 326 1396
955 1060 1205 325 1395
954 1059 1204 324 1394
953 1058 1203 323 1393
952 1057 1202 322 1392
951 1056 1201 321 1391
950 1055 1200 320 1390
949 1054 1199 1279 319
948 1053 1198 1278 318
947 1052 1197 1277 317
946 1051 1196 1276 316
945 1050 1195 1275 315
944 1049 1194 1274 314
943 1048 1193 1273 313
942 1047 1192 1272 312
941 1046 1191 1271 311
940 1045 1190 1270 310
939 1044 1189 1269 309
938 1043 1188 1268 308
937 1042 1187 1267 307
936 1041 1186 1266 306
935 1040 1185 1265 305
934 1039 1184 1264 304
933 1038 1183 1263 303
932 1037 1182 1262 302
931 1036 1181 1261 301
930 1035 1180 1260 300
929 1034 1179 1259 1389
928 1033 1178 1258 1388
927 1032 1177 1257 1387
926 1031 1176 1256 1386
925 1030 1175 1255 1385
924 1029 1174 1254 1384
923 1028 1173 1253 1383
922 1027 1172 1252 1382
921 1026 1171 1251 1381
920 1025 1170 1250 1380
919 1024 1169 1299 1379
918 1023 1168 1298 1378
917 1022 1167 1297 1377
916 1021 1166 1296 1376
915 1020 1165 1295 1375
914 1019 1164 1294 1374
913 1018 1163 1293 1373
912 1017 1162 1292 1372
911 1016 1161 1291 1371
910 1015 1160 1290 1370
909 1014 1159 1289 1369
908 1013 1158 1288 1368
907 1012 1157 1287 1367
906 1011 1156 1286 1366
905 1010 1155 1285 1365
904 1009 1154 1284 1364
903 1008 1153 1283 1363
902 1007 1152 1282 1362
901 1006 1151 1281 1361
900 1005 1150 1280 1360
899 1149 1359 1449 259
898 1148 1358 1448 258
897 1147 1357 1447 257
896 1146 1356 1446 256
895 1145 1355 1445 255
894 1144 1354 1444 254
893 1143 1353 1443 253
892 1142 1352 1442 252
891 1141 1351 1441 251
890 1140 1350 1440 250
889 1139 1349 1439 249
888 1138 1348 1438 248
887 1137 1347 1437 247
886 1136 1346 1436 246
885 1135 1345 1435 245
884 1134 1344 1434 244
883 1133 1343 1433 243
882 1132 1342 1432 242
881 1131 1341 1431 241
880 1130 1340 1430 240
879 1129 1339 1429 239
878 1128 1338 1428 238
877 1127 1337 1427 237
876 1126 1336 1426 236
875 1125 1335 1425 235
874 1124 1334 1424 234
873 1123 1333 1423 233
872 1122 1332 1422 232
871 1121 1331 1421 231
870 1120 1330 1420 230
869 1119 1329 229 1463
868 1118 1328 228 1462
867 1117 1327 227 1461
866 1116 1326 226 1460
865 1115 1325 225 1459
864 1114 1324 224 1458
863 1113 1323 223 1457
862 1112 1322 222 1456
861 1111 1321 221 1455
860 1110 1320 220 1454
859 1109 1319 219 1453
858 1108 1318 218 1452
857 1107 1317 217 1451
856 1106 1316 216 1450
855 1105 1315 215 179
854 1104 1314 214 178
853 1103 1313 213 177
852 1102 1312 212 176
851 1101 1311 211 175
850 1100 1310 210 174
849 1309 209 173 1499
848 1308 208 172 1498
847 1307 207 171 1497
846 1306 206 170 1496
845 1305 205 169 1495
844 1304 204 168 1494
843 1303 203 167 1493
842 1302 202 166 1492
841 1301 201 165 1491
840 1300 200 164 1490
839 163 1489 99 -1
838 162 1488 98 -1
837 161 1487 97 -1
836 160 1486 96 -1
835 159 1485 95 -1
834 158 1484 94 -1
833 157 1483 93 -1
832 156 1482 92 -1
831 155 1481 91 -1
830 154 1480 90 -1
829 153 1479 89 -1
828 152 1478 88 -1
827 151 1477 87 -1
826 150 1476 86 -1
825 149 1475 85 -1
824 148 1474 84 -1
823 147 1473 83 -1
822 146 1472 82 -1
821 145 1471 81 -1
820 144 1470 80 -1
819 143 1469 79 -1
818 142 1468 78 -1
817 141 1467 77 -1
816 140 1466 76 -1
815 139 1465 75 -1
814 138 1464 74 -1
813 137 73 -1 -1
812 136 72 -1 -1
811 135 71 -1 -1
810 134 70 -1 -1
809 133 69 -1 -1
808 132 68 -1 -1
807 131 67 -1 -1
806 130 66 -1 -1
805 129 65 -1 -1
804 128 64 -1 -1
803 127 63 -1 -1
802 126 62 -1 -1
801 125 61 -1 -1
800 124 60 -1 -1
799 123 59 -1 -1
798 122 58 -1 -1
797 121 57 -1 -1
796 120 56 -1 -1
795 119 55 -1 -1
794 118 54 -1 -1
793 117 53 -1 -1
792 116 52 -1 -1
791 115 51 -1 -1
790 114 50 -1 -1
789 113 49 -1 -1
788 112 48 -1 -1
787 111 47 -1 -1
786 110 46 -1 -1
785 109 45 -1 -1
784 108 44 -1 -1
783 107 43 -1 -1
782 106 42 -1 -1
781 105 41 -1 -1
780 104 40 -1 -1
779 103 39 -1 -1
778 102 38 -1 -1
777 101 37 -1 -1
776 100 36 -1 -1
775 35 -1 -1 -1
774 34 -1 -1 -1
773 33 -1 -1 -1
772 32 -1 -1 -1
771 31 -1 -1 -1
770 30 -1 -1 -1
769 29 -1 -1 -1
768 28 -1 -1 -1
767 27 -1 -1 -1
766 26 -1 -1 -1
765 25 -1 -1 -1
764 24 -1 -1 -1
763 23 -1 -1 -1
762 22 -1 -1 -1
761 21 -1 -1 -1
760 20 -1 -1 -1
759 19 -1 -1 -1
758 18 -1 -1 -1
757 17 -1 -1 -1
756 16 -1 -1 -1
755 15 -1 -1 -1
754 14 -1 -1 -1
753 13 -1 -1 -1
752 12 -1 -1 -1
751 11 -1 -1 -1
750 10 -1 -1 -1
749 9 -1 -1 -1
748 8 -1 -1 -1
747 7 -1 -1 -1
746 6 -1 -1 -1
745 5 -1 -1 -1
744 4 -1 -1 -1
743 3 -1 -1 -1
742 2 -1 -1 -1
741 1 -1 -1 -1
740 0 -1 -1 -1
739 -1 -1 -1 -1
738 -1 -1 -1 -1
737 -1 -1 -1 -1
736 -1 -1 -1 -1
735 -1 -1 -1 -1
734 -1 -1 -1 -1
733 -1 -1 -1 -1
732 -1 -1 -1 -1
731 -1 -1 -1 -1
730 -1 -1 -1 -1
729 -1 -1 -1 -1
728 -1 -1 -1 -1
727 -1 -1 -1 -1
726 -1 -1 -1 -1
725 -1 -1 -1 -1
724 -1 -1 -1 -1
723 -1 -1 -1 -1
722 -1 -1 -1 -1
721 -1 -1 -1 -1
720 -1 -1 -1 -1
719 -1 -1 -1 -1
718 -1 -1 -1 -1
717 -1 -1 -1 -1
716 -1 -1 -1 -1
715 -1 -1 -1 -1
714 -1 -1 -1 -1
713 -1 -1 -1 -1
712 -1 -1 -1 -1
711 -1 -1 -1 -1
710 -1 -1 -1 -1
709 -1 -1 -1 -1
708 -1 -1 -1 -1
707 -1 -1 -1 -1
706 -1 -1 -1 -1
705 -1 -1 -1 -1
704 -1 -1 -1 -1
703 -1 -1 -1 -1
702 -1 -1 -1 -1
701 -1 -1 -1 -1
700 -1 -1 -1 -1
699 -1 -1 -1 -1
698 -1 -1 -1 -1
697 -1 -1 -1 -1
696 -1 -1 -1 -1
695 -1 -1 -1 -1
694 -1 -1 -1 -1
693 -1 -1 -1 -1
692 -1 -1 -1 -1
691 -1 -1 -1 -1
690 -1 -1 -1 -1
689 -1 -1 -1 -1
688 -1 -1 -1 -1
687 -1 -1 -1 -1
686 -1 -1 -1 -1
685 -1 -1 -1 -1
684 -1 -1 -1 -1
683 -1 -1 -1 -1
682 -1 -1 -1 -1
681 -1 -1 -1 -1
680 -1 -1 -1 -1
679 -1 -1 -1 -1
678 -1 -1 -1 -1
677 -1 -1 -1 -1
676 -1 -1 -1 -1
675 -1 -1 -1 -1
674 -1 -1 -1 -1
673 -1 -1 -1 -1
672 -1 -1 -1 -1
671 -1 -1 -1 -1
670 -1 -1 -1 -1
669 -1 -1 -1 -1
668 -1 -1 -1 -1
667 -1 -1 -1 -1
666 -1 -1 -1 -1
665 -1 -1 -1 -1
664 -1 -1 -1 -1
